	partition	codon	alpha	beta	alpha=beta	LRT	p-value	Total_branch_length	class
	1	1	0.000	0.000	0.000	0.000	1.0000	0.000	Invariable
	1	2	0.000	0.000	0.000	0.000	1.0000	0.000	Invariable
	1	3	0.000	0.000	0.000	0.000	1.0000	0.000	Invariable
	1	4	0.000	0.000	0.000	0.000	1.0000	0.000	Invariable
	1	5	0.001	2.077	1.785	0.675	0.4113	0.754	Neutral
	1	6	18.339	0.000	1.985	8.674	0.0032	0.839	Purifying
	1	7	0.000	0.000	0.000	0.000	1.0000	0.000	Invariable
	1	8	0.000	0.000	0.000	0.000	1.0000	0.000	Invariable
	1	9	0.000	0.000	0.000	0.000	1.0000	0.000	Invariable
	1	10	0.000	0.000	0.000	0.000	1.0000	0.000	Invariable
	1	11	0.000	0.000	0.000	0.000	1.0000	0.000	Invariable
	1	12	40.076	0.000	5.420	14.569	0.0001	2.290	Purifying
	1	13	0.000	0.940	0.827	0.238	0.6255	0.349	Neutral
	1	14	0.000	0.000	0.000	0.000	1.0000	0.000	Invariable
	1	15	0.000	0.000	0.000	0.000	1.0000	0.000	Invariable
	1	16	0.000	0.000	0.000	0.000	1.0000	0.000	Invariable
	1	17	0.000	0.000	0.000	0.000	1.0000	0.000	Invariable
	1	18	0.000	0.000	0.000	0.000	1.0000	0.000	Invariable
	1	19	0.000	0.000	0.000	0.000	1.0000	0.000	Invariable
	1	20	16.768	0.000	1.834	8.632	0.0033	0.775	Purifying
	1	21	0.000	0.000	0.000	0.000	1.0000	0.000	Invariable
	1	22	0.000	0.000	0.000	0.000	1.0000	0.000	Invariable
	1	23	0.000	0.000	0.000	0.000	1.0000	0.000	Invariable
	1	24	0.000	0.000	0.000	0.000	1.0000	0.000	Invariable
	1	25	0.000	0.000	0.000	0.000	1.0000	0.000	Invariable
	1	26	0.000	0.000	0.000	0.000	1.0000	0.000	Invariable
	1	27	0.000	0.000	0.000	0.000	1.0000	0.000	Invariable
	1	28	0.000	0.000	0.000	0.000	1.0000	0.000	Invariable
	1	29	0.000	0.000	0.000	0.000	1.0000	0.000	Invariable
	1	30	0.000	0.000	0.000	0.000	1.0000	0.000	Invariable
	1	31	0.000	0.000	0.000	0.000	1.0000	0.000	Invariable
	1	32	0.000	0.000	0.000	0.000	1.0000	0.000	Invariable
	1	33	0.000	0.000	0.000	0.000	1.0000	0.000	Invariable
	1	34	0.000	0.000	0.000	0.000	1.0000	0.000	Invariable
	1	35	0.000	0.000	0.000	0.000	1.0000	0.000	Invariable
	1	36	0.000	0.992	0.626	0.918	0.3380	0.265	Neutral
	1	37	0.000	0.000	0.000	0.000	1.0000	0.000	Invariable
	1	38	0.011	2.292	1.367	2.039	0.1533	0.578	Neutral
	1	39	0.000	0.000	0.000	0.000	1.0000	0.000	Invariable
	1	40	0.000	0.000	0.000	0.000	1.0000	0.000	Invariable
	1	41	0.000	0.000	0.000	0.000	1.0000	0.000	Invariable
	1	42	0.000	0.000	0.000	0.000	1.0000	0.000	Invariable
	1	43	0.000	0.000	0.000	0.000	1.0000	0.000	Invariable
	1	44	0.000	2.205	1.902	0.589	0.4429	0.804	Neutral
	1	45	6.534	0.000	2.132	6.761	0.0093	0.901	Purifying
	1	46	0.000	0.000	0.000	0.000	1.0000	0.000	Invariable
	1	47	0.000	0.000	0.000	0.000	1.0000	0.000	Invariable
	1	48	0.000	0.000	0.000	0.000	1.0000	0.000	Invariable
	1	49	1.722	0.000	0.657	1.932	0.1645	0.278	Neutral
	1	50	0.000	0.000	0.000	0.000	1.0000	0.000	Invariable
	1	51	0.000	0.000	0.000	0.000	1.0000	0.000	Invariable
	1	52	0.000	1.330	1.146	0.289	0.5906	0.484	Neutral
	1	53	0.000	0.000	0.000	0.000	1.0000	0.000	Invariable
	1	54	0.000	0.000	0.000	0.000	1.0000	0.000	Invariable
	1	55	0.000	1.191	1.059	0.269	0.6040	0.448	Neutral
	1	56	0.000	0.000	0.000	0.000	1.0000	0.000	Invariable
	1	57	5.215	0.000	0.794	3.731	0.0534	0.336	Neutral
	1	58	0.000	0.000	0.000	0.000	1.0000	0.000	Invariable
	1	59	0.000	0.000	0.000	0.000	1.0000	0.000	Invariable
	1	60	0.000	0.000	0.000	0.000	1.0000	0.000	Invariable
	1	61	0.000	0.000	0.000	0.000	1.0000	0.000	Invariable
	1	62	0.000	0.000	0.000	0.000	1.0000	0.000	Invariable
	1	63	0.000	0.000	0.000	0.000	1.0000	0.000	Invariable
	1	64	0.000	0.000	0.000	0.000	1.0000	0.000	Invariable
	1	65	0.000	0.000	0.000	0.000	1.0000	0.000	Invariable
	1	66	0.000	0.000	0.000	0.000	1.0000	0.000	Invariable
	1	67	0.000	0.000	0.000	0.000	1.0000	0.000	Invariable
	1	68	0.000	0.000	0.000	0.000	1.0000	0.000	Invariable
	1	69	3.864	0.000	0.797	3.146	0.0761	0.337	Neutral
	1	70	0.000	0.000	0.000	0.000	1.0000	0.000	Invariable
	1	71	0.000	0.000	0.000	0.000	1.0000	0.000	Invariable
	1	72	0.000	0.000	0.000	0.000	1.0000	0.000	Invariable
	1	73	0.000	0.000	0.000	0.000	1.0000	0.000	Invariable
	1	74	0.000	0.000	0.000	0.000	1.0000	0.000	Invariable
	1	75	0.000	0.000	0.000	0.000	1.0000	0.000	Invariable
	1	76	0.000	0.000	0.000	0.000	1.0000	0.000	Invariable
	1	77	8.681	0.000	0.995	4.220	0.0399	0.421	Purifying
	1	78	0.000	0.000	0.000	0.000	1.0000	0.000	Invariable
	1	79	0.000	0.000	0.000	0.000	1.0000	0.000	Invariable
	1	80	0.000	1.022	0.879	0.308	0.5790	0.372	Neutral
	1	81	0.000	0.000	0.000	0.000	1.0000	0.000	Invariable
	1	82	1.926	0.000	0.646	2.162	0.1415	0.273	Neutral
	1	83	0.000	0.000	0.000	0.000	1.0000	0.000	Invariable
	1	84	0.000	0.000	0.000	0.000	1.0000	0.000	Invariable
	1	85	0.000	0.000	0.000	0.000	1.0000	0.000	Invariable
	1	86	0.000	1.162	1.083	0.138	0.7106	0.458	Neutral
	1	87	0.006	0.976	0.664	0.751	0.3862	0.281	Neutral
	1	88	0.000	0.000	0.000	0.000	1.0000	0.000	Invariable
	1	89	8.260	0.000	1.056	4.007	0.0453	0.446	Purifying
	1	90	0.000	0.000	0.000	0.000	1.0000	0.000	Invariable
	1	91	0.000	0.000	0.000	0.000	1.0000	0.000	Invariable
	1	92	0.000	0.000	0.000	0.000	1.0000	0.000	Invariable
	1	93	2.202	2.162	2.183	0.000	0.9932	0.922	Neutral
	1	94	0.000	0.000	0.000	0.000	1.0000	0.000	Invariable
	1	95	1.525	0.000	0.610	1.840	0.1749	0.258	Neutral
	1	96	0.000	0.000	0.000	0.000	1.0000	0.000	Invariable
	1	97	0.000	0.000	0.000	0.000	1.0000	0.000	Invariable
	1	98	0.000	0.000	0.000	0.000	1.0000	0.000	Invariable
	1	99	0.000	0.000	0.000	0.000	1.0000	0.000	Invariable
	1	100	0.000	0.000	0.000	0.000	1.0000	0.000	Invariable
	1	101	20.731	2.258	5.956	7.663	0.0056	2.517	Purifying
	1	102	0.000	0.000	0.000	0.000	1.0000	0.000	Invariable
	1	103	0.006	0.935	0.780	0.338	0.5607	0.329	Neutral
	1	104	8.578	0.000	1.232	3.774	0.0521	0.521	Neutral
	1	105	0.000	0.000	0.000	0.000	1.0000	0.000	Invariable
	1	106	0.000	0.000	0.000	0.000	1.0000	0.000	Invariable
	1	107	4.809	0.000	0.814	3.532	0.0602	0.344	Neutral
	1	108	0.000	0.000	0.000	0.000	1.0000	0.000	Invariable
	1	109	0.000	0.000	0.000	0.000	1.0000	0.000	Invariable
	1	110	0.000	0.000	0.000	0.000	1.0000	0.000	Invariable
	1	111	0.000	0.000	0.000	0.000	1.0000	0.000	Invariable
	1	112	0.000	0.000	0.000	0.000	1.0000	0.000	Invariable
	1	113	0.000	0.000	0.000	0.000	1.0000	0.000	Invariable
	1	114	0.000	0.000	0.000	0.000	1.0000	0.000	Invariable
	1	115	0.000	0.000	0.000	0.000	1.0000	0.000	Invariable
	1	116	0.000	0.000	0.000	0.000	1.0000	0.000	Invariable
	1	117	0.000	0.000	0.000	0.000	1.0000	0.000	Invariable
	1	118	0.000	0.000	0.000	0.000	1.0000	0.000	Invariable
	1	119	0.000	0.000	0.000	0.000	1.0000	0.000	Invariable
	1	120	0.000	0.000	0.000	0.000	1.0000	0.000	Invariable
	1	121	0.000	0.000	0.000	0.000	1.0000	0.000	Invariable
	1	122	0.000	0.000	0.000	0.000	1.0000	0.000	Invariable
	1	123	0.000	0.000	0.000	0.000	1.0000	0.000	Invariable
	1	124	0.000	0.000	0.000	0.000	1.0000	0.000	Invariable
	1	125	0.000	0.000	0.000	0.000	1.0000	0.000	Invariable
	1	126	0.000	0.000	0.000	0.000	1.0000	0.000	Invariable
	1	127	0.000	0.000	0.000	0.000	1.0000	0.000	Invariable
	1	128	3.527	0.000	1.498	3.406	0.0649	0.633	Neutral
	1	129	0.000	0.000	0.000	0.000	1.0000	0.000	Invariable
	1	130	0.000	0.000	0.000	0.000	1.0000	0.000	Invariable
	1	131	0.000	0.000	0.000	0.000	1.0000	0.000	Invariable
	1	132	0.000	0.000	0.000	0.000	1.0000	0.000	Invariable
	1	133	0.000	0.000	0.000	0.000	1.0000	0.000	Invariable
	1	134	0.000	0.000	0.000	0.000	1.0000	0.000	Invariable
	1	135	0.000	0.000	0.000	0.000	1.0000	0.000	Invariable
	1	136	2.550	0.000	1.342	2.549	0.1104	0.567	Neutral
	1	137	0.000	0.000	0.000	0.000	1.0000	0.000	Invariable
	1	138	0.000	0.000	0.000	0.000	1.0000	0.000	Invariable
	1	139	0.000	0.000	0.000	0.000	1.0000	0.000	Invariable
	1	140	0.000	0.000	0.000	0.000	1.0000	0.000	Invariable
	1	141	0.000	0.000	0.000	0.000	1.0000	0.000	Invariable
	1	142	0.000	0.000	0.000	0.000	1.0000	0.000	Invariable
	1	143	0.000	0.000	0.000	0.000	1.0000	0.000	Invariable
	1	144	0.000	0.000	0.000	0.000	1.0000	0.000	Invariable
	1	145	0.000	0.000	0.000	0.000	1.0000	0.000	Invariable
	1	146	0.000	0.000	0.000	0.000	1.0000	0.000	Invariable
	1	147	0.000	0.000	0.000	0.000	1.0000	0.000	Invariable
	1	148	0.000	0.000	0.000	0.000	1.0000	0.000	Invariable
	1	149	0.000	0.000	0.000	0.000	1.0000	0.000	Invariable
	1	150	0.000	0.000	0.000	0.000	1.0000	0.000	Invariable
	1	151	1.858	0.000	0.701	1.951	0.1625	0.296	Neutral
	1	152	0.000	0.000	0.000	0.000	1.0000	0.000	Invariable
	1	153	0.000	0.000	0.000	0.000	1.0000	0.000	Invariable
	1	154	0.000	0.000	0.000	0.000	1.0000	0.000	Invariable
	1	155	0.000	0.000	0.000	0.000	1.0000	0.000	Invariable
	1	156	0.000	0.000	0.000	0.000	1.0000	0.000	Invariable
	1	157	4.961	0.000	0.756	3.750	0.0528	0.320	Neutral
	1	158	0.000	0.000	0.000	0.000	1.0000	0.000	Invariable
	1	159	0.000	0.000	0.000	0.000	1.0000	0.000	Invariable
	1	160	0.000	0.000	0.000	0.000	1.0000	0.000	Invariable
	1	161	0.000	0.000	0.000	0.000	1.0000	0.000	Invariable
	1	162	0.000	0.000	0.000	0.000	1.0000	0.000	Invariable
	1	163	0.000	0.000	0.000	0.000	1.0000	0.000	Invariable
	1	164	6.524	0.000	0.839	4.094	0.0430	0.355	Purifying
	1	165	0.000	0.000	0.000	0.000	1.0000	0.000	Invariable
	1	166	0.000	0.000	0.000	0.000	1.0000	0.000	Invariable
	1	167	0.000	0.000	0.000	0.000	1.0000	0.000	Invariable
	1	168	0.000	0.000	0.000	0.000	1.0000	0.000	Invariable
	1	169	0.000	0.000	0.000	0.000	1.0000	0.000	Invariable
	1	170	6.476	0.000	0.846	4.039	0.0445	0.357	Purifying
	1	171	0.000	0.000	0.000	0.000	1.0000	0.000	Invariable
	1	172	0.000	0.000	0.000	0.000	1.0000	0.000	Invariable
	1	173	0.000	0.000	0.000	0.000	1.0000	0.000	Invariable
	1	174	0.000	0.000	0.000	0.000	1.0000	0.000	Invariable
	1	175	0.000	0.000	0.000	0.000	1.0000	0.000	Invariable
	1	176	0.000	0.000	0.000	0.000	1.0000	0.000	Invariable
	1	177	0.000	0.000	0.000	0.000	1.0000	0.000	Invariable
	1	178	9.060	0.000	0.873	4.573	0.0325	0.369	Purifying
	1	179	16.046	0.000	0.772	5.852	0.0156	0.326	Purifying
	1	180	0.000	0.000	0.000	0.000	1.0000	0.000	Invariable
	1	181	0.000	0.000	0.000	0.000	1.0000	0.000	Invariable
	1	182	0.000	0.952	0.819	0.286	0.5928	0.346	Neutral
	1	183	0.000	0.000	0.000	0.000	1.0000	0.000	Invariable
	1	184	0.000	0.000	0.000	0.000	1.0000	0.000	Invariable
	1	185	0.000	0.000	0.000	0.000	1.0000	0.000	Invariable
	1	186	6.213	0.000	0.811	4.028	0.0447	0.343	Purifying
	1	187	0.000	0.000	0.000	0.000	1.0000	0.000	Invariable
	1	188	0.000	0.000	0.000	0.000	1.0000	0.000	Invariable
	1	189	0.000	0.000	0.000	0.000	1.0000	0.000	Invariable
	1	190	0.000	0.000	0.000	0.000	1.0000	0.000	Invariable
	1	191	0.000	0.000	0.000	0.000	1.0000	0.000	Invariable
	1	192	0.000	1.022	0.877	0.308	0.5787	0.371	Neutral
	1	193	0.000	0.000	0.000	0.000	1.0000	0.000	Invariable
	1	194	0.000	0.000	0.000	0.000	1.0000	0.000	Invariable
	1	195	2.477	0.000	1.299	2.569	0.1090	0.549	Neutral
	1	196	13.545	0.000	1.452	8.777	0.0031	0.614	Purifying
	1	197	12.670	0.000	0.924	5.084	0.0241	0.390	Purifying
	1	198	0.000	0.000	0.000	0.000	1.0000	0.000	Invariable
	1	199	0.000	0.000	0.000	0.000	1.0000	0.000	Invariable
	1	200	0.000	0.000	0.000	0.000	1.0000	0.000	Invariable
	1	201	0.000	0.000	0.000	0.000	1.0000	0.000	Invariable
	1	202	0.000	0.000	0.000	0.000	1.0000	0.000	Invariable
	1	203	0.000	0.000	0.000	0.000	1.0000	0.000	Invariable
	1	204	0.000	0.000	0.000	0.000	1.0000	0.000	Invariable
	1	205	0.000	0.000	0.000	0.000	1.0000	0.000	Invariable
	1	206	0.000	0.000	0.000	0.000	1.0000	0.000	Invariable
	1	207	0.000	0.000	0.000	0.000	1.0000	0.000	Invariable
	1	208	0.001	1.351	1.359	0.008	0.9275	0.574	Neutral
	1	209	0.000	0.000	0.000	0.000	1.0000	0.000	Invariable
	1	210	0.000	0.000	0.000	0.000	1.0000	0.000	Invariable
	1	211	0.000	0.000	0.000	0.000	1.0000	0.000	Invariable
	1	212	0.000	0.000	0.000	0.000	1.0000	0.000	Invariable
	1	213	0.000	1.368	1.160	0.339	0.5605	0.490	Neutral
	1	214	0.000	0.000	0.000	0.000	1.0000	0.000	Invariable
	1	215	0.000	0.000	0.000	0.000	1.0000	0.000	Invariable
	1	216	5.118	0.000	0.757	3.800	0.0512	0.320	Neutral
	1	217	0.000	0.000	0.000	0.000	1.0000	0.000	Invariable
	1	218	0.000	0.000	0.000	0.000	1.0000	0.000	Invariable
	1	219	0.000	0.882	0.832	0.138	0.7101	0.352	Neutral
	1	220	9.425	0.000	1.307	7.772	0.0053	0.552	Purifying
	1	221	0.000	0.000	0.000	0.000	1.0000	0.000	Invariable
	1	222	0.000	0.000	0.000	0.000	1.0000	0.000	Invariable
	1	223	0.000	0.000	0.000	0.000	1.0000	0.000	Invariable
	1	224	0.007	0.858	0.727	0.333	0.5641	0.307	Neutral
	1	225	0.000	0.000	0.000	0.000	1.0000	0.000	Invariable
	1	226	0.000	0.000	0.000	0.000	1.0000	0.000	Invariable
	1	227	1.104	0.000	0.467	1.718	0.1900	0.197	Neutral
	1	228	0.000	0.000	0.000	0.000	1.0000	0.000	Invariable
	1	229	0.000	0.000	0.000	0.000	1.0000	0.000	Invariable
	1	230	0.000	0.000	0.000	0.000	1.0000	0.000	Invariable
	1	231	0.000	0.000	0.000	0.000	1.0000	0.000	Invariable
	1	232	0.009	2.785	2.529	0.585	0.4444	1.069	Neutral
	1	233	1.950	0.000	0.798	1.800	0.1797	0.337	Neutral
	1	234	0.000	0.000	0.000	0.000	1.0000	0.000	Invariable
	1	235	0.000	0.000	0.000	0.000	1.0000	0.000	Invariable
	1	236	0.000	0.000	0.000	0.000	1.0000	0.000	Invariable
	1	237	0.000	0.000	0.000	0.000	1.0000	0.000	Invariable
	1	238	0.000	0.000	0.000	0.000	1.0000	0.000	Invariable
	1	239	0.000	0.000	0.000	0.000	1.0000	0.000	Invariable
	1	240	0.000	0.000	0.000	0.000	1.0000	0.000	Invariable
	1	241	0.000	0.000	0.000	0.000	1.0000	0.000	Invariable
	1	242	0.000	0.000	0.000	0.000	1.0000	0.000	Invariable
	1	243	17.846	0.000	0.936	5.613	0.0178	0.395	Purifying
	1	244	10.093	0.000	2.893	7.447	0.0064	1.222	Purifying
	1	245	0.000	0.000	0.000	0.000	1.0000	0.000	Invariable
	1	246	0.000	0.000	0.000	0.000	1.0000	0.000	Invariable
	1	247	0.000	0.000	0.000	0.000	1.0000	0.000	Invariable
	1	248	16.744	0.000	1.003	5.379	0.0204	0.424	Purifying
	1	249	0.000	0.000	0.000	0.000	1.0000	0.000	Invariable
	1	250	1.435	0.000	0.555	1.861	0.1725	0.235	Neutral
	1	251	0.000	0.000	0.000	0.000	1.0000	0.000	Invariable
	1	252	9.682	0.000	1.539	7.272	0.0070	0.650	Purifying
	1	253	0.000	0.000	0.000	0.000	1.0000	0.000	Invariable
	1	254	0.000	0.000	0.000	0.000	1.0000	0.000	Invariable
	1	255	0.000	0.000	0.000	0.000	1.0000	0.000	Invariable
	1	256	0.000	0.000	0.000	0.000	1.0000	0.000	Invariable
	1	257	0.000	0.000	0.000	0.000	1.0000	0.000	Invariable
	1	258	0.000	0.000	0.000	0.000	1.0000	0.000	Invariable
	1	259	0.000	0.000	0.000	0.000	1.0000	0.000	Invariable
	1	260	0.000	0.000	0.000	0.000	1.0000	0.000	Invariable
	1	261	0.000	0.000	0.000	0.000	1.0000	0.000	Invariable
	1	262	0.000	0.000	0.000	0.000	1.0000	0.000	Invariable
	1	263	0.000	0.000	0.000	0.000	1.0000	0.000	Invariable
	1	264	0.000	0.000	0.000	0.000	1.0000	0.000	Invariable
	1	265	0.000	0.000	0.000	0.000	1.0000	0.000	Invariable
	1	266	17.623	0.000	0.940	5.691	0.0171	0.397	Purifying
	1	267	0.010	3.539	3.284	0.473	0.4915	1.388	Neutral
	1	268	0.000	0.000	0.000	0.000	1.0000	0.000	Invariable
	1	269	0.000	0.000	0.000	0.000	1.0000	0.000	Invariable
	1	270	12.023	0.000	0.854	5.143	0.0233	0.361	Purifying
	1	271	0.000	0.000	0.000	0.000	1.0000	0.000	Invariable
	1	272	0.000	0.000	0.000	0.000	1.0000	0.000	Invariable
	1	273	15.368	0.000	0.867	5.557	0.0184	0.366	Purifying
	1	274	0.000	0.000	0.000	0.000	1.0000	0.000	Invariable
	1	275	0.000	0.000	0.000	0.000	1.0000	0.000	Invariable
	1	276	0.000	0.000	0.000	0.000	1.0000	0.000	Invariable
	1	277	32.149	0.000	2.859	17.829	0.0000	1.208	Purifying
	1	278	0.000	0.000	0.000	0.000	1.0000	0.000	Invariable
	1	279	0.000	0.000	0.000	0.000	1.0000	0.000	Invariable
	1	280	0.000	0.000	0.000	0.000	1.0000	0.000	Invariable
	1	281	0.000	0.000	0.000	0.000	1.0000	0.000	Invariable
	1	282	0.000	0.000	0.000	0.000	1.0000	0.000	Invariable
	1	283	0.000	0.000	0.000	0.000	1.0000	0.000	Invariable
	1	284	0.000	0.000	0.000	0.000	1.0000	0.000	Invariable
	1	285	0.000	0.000	0.000	0.000	1.0000	0.000	Invariable
	1	286	0.000	0.000	0.000	0.000	1.0000	0.000	Invariable
	1	287	0.000	0.000	0.000	0.000	1.0000	0.000	Invariable
	1	288	0.000	0.000	0.000	0.000	1.0000	0.000	Invariable
	1	289	0.000	0.000	0.000	0.000	1.0000	0.000	Invariable
	1	290	0.000	0.000	0.000	0.000	1.0000	0.000	Invariable
	1	291	6.733	0.000	2.909	6.825	0.0090	1.229	Purifying
	1	292	0.000	0.000	0.000	0.000	1.0000	0.000	Invariable
	1	293	0.000	0.000	0.000	0.000	1.0000	0.000	Invariable
	1	294	1.225	0.000	0.638	1.278	0.2583	0.269	Neutral
	1	295	0.000	0.000	0.000	0.000	1.0000	0.000	Invariable
	1	296	0.000	0.000	0.000	0.000	1.0000	0.000	Invariable
	1	297	0.006	0.911	0.796	0.280	0.5967	0.337	Neutral
	1	298	0.000	0.000	0.000	0.000	1.0000	0.000	Invariable
	1	299	0.000	0.000	0.000	0.000	1.0000	0.000	Invariable
	1	300	0.000	1.714	1.496	0.525	0.4685	0.632	Neutral
	1	301	0.000	0.000	0.000	0.000	1.0000	0.000	Invariable
	1	302	0.000	0.000	0.000	0.000	1.0000	0.000	Invariable
	1	303	0.000	0.000	0.000	0.000	1.0000	0.000	Invariable
	1	304	0.000	0.000	0.000	0.000	1.0000	0.000	Invariable
	1	305	0.000	1.186	1.094	0.160	0.6887	0.462	Neutral
	1	306	0.000	0.000	0.000	0.000	1.0000	0.000	Invariable
	1	307	0.000	0.000	0.000	0.000	1.0000	0.000	Invariable
	1	308	0.000	0.000	0.000	0.000	1.0000	0.000	Invariable
	1	309	13.487	0.000	2.247	6.926	0.0085	0.949	Purifying
	1	310	0.000	0.000	0.000	0.000	1.0000	0.000	Invariable
	1	311	0.000	0.000	0.000	0.000	1.0000	0.000	Invariable
	1	312	0.000	0.000	0.000	0.000	1.0000	0.000	Invariable
	1	313	0.000	0.000	0.000	0.000	1.0000	0.000	Invariable
	1	314	0.000	0.000	0.000	0.000	1.0000	0.000	Invariable
	1	315	0.000	0.000	0.000	0.000	1.0000	0.000	Invariable
	1	316	9.862	0.000	1.542	7.295	0.0069	0.651	Purifying
	1	317	0.000	0.000	0.000	0.000	1.0000	0.000	Invariable
	1	318	0.000	0.000	0.000	0.000	1.0000	0.000	Invariable
	1	319	0.000	0.000	0.000	0.000	1.0000	0.000	Invariable
	1	320	0.000	0.000	0.000	0.000	1.0000	0.000	Invariable
	1	321	12.881	0.000	1.807	7.667	0.0056	0.764	Purifying
	1	322	0.000	0.000	0.000	0.000	1.0000	0.000	Invariable
	1	323	0.000	1.872	1.127	2.021	0.1551	0.476	Neutral
	1	324	0.008	5.224	4.767	0.710	0.3994	2.014	Neutral
	1	325	0.000	0.000	0.000	0.000	1.0000	0.000	Invariable
	1	326	0.000	0.000	0.000	0.000	1.0000	0.000	Invariable
	1	327	0.000	0.000	0.000	0.000	1.0000	0.000	Invariable
	1	328	0.000	0.000	0.000	0.000	1.0000	0.000	Invariable
	1	329	0.000	0.000	0.000	0.000	1.0000	0.000	Invariable
	1	330	0.000	0.000	0.000	0.000	1.0000	0.000	Invariable
	1	331	0.000	0.000	0.000	0.000	1.0000	0.000	Invariable
	1	332	0.000	0.000	0.000	0.000	1.0000	0.000	Invariable
	1	333	0.000	0.000	0.000	0.000	1.0000	0.000	Invariable
	1	334	0.000	0.000	0.000	0.000	1.0000	0.000	Invariable
	1	335	0.000	0.000	0.000	0.000	1.0000	0.000	Invariable
	1	336	0.000	0.000	0.000	0.000	1.0000	0.000	Invariable
	1	337	0.000	0.000	0.000	0.000	1.0000	0.000	Invariable
	1	338	0.000	0.000	0.000	0.000	1.0000	0.000	Invariable
	1	339	0.000	0.000	0.000	0.000	1.0000	0.000	Invariable
	1	340	0.000	0.000	0.000	0.000	1.0000	0.000	Invariable
	1	341	0.000	0.000	0.000	0.000	1.0000	0.000	Invariable
	1	342	0.000	0.000	0.000	0.000	1.0000	0.000	Invariable
	1	343	0.000	0.000	0.000	0.000	1.0000	0.000	Invariable
	1	344	0.000	0.000	0.000	0.000	1.0000	0.000	Invariable
	1	345	0.000	0.000	0.000	0.000	1.0000	0.000	Invariable
	1	346	2.293	0.000	0.704	2.356	0.1248	0.298	Neutral
	1	347	3.334	0.000	1.127	4.330	0.0374	0.476	Purifying
	1	348	4.759	0.000	0.832	3.480	0.0621	0.352	Neutral
	1	349	0.000	0.000	0.000	0.000	1.0000	0.000	Invariable
	1	350	0.000	0.000	0.000	0.000	1.0000	0.000	Invariable
	1	351	0.000	0.000	0.000	0.000	1.0000	0.000	Invariable
	1	352	0.000	0.000	0.000	0.000	1.0000	0.000	Invariable
	1	353	0.000	0.000	0.000	0.000	1.0000	0.000	Invariable
	1	354	0.000	0.000	0.000	0.000	1.0000	0.000	Invariable
	1	355	0.000	0.000	0.000	0.000	1.0000	0.000	Invariable
	1	356	0.000	0.000	0.000	0.000	1.0000	0.000	Invariable
	1	357	0.000	0.000	0.000	0.000	1.0000	0.000	Invariable
	1	358	0.000	0.000	0.000	0.000	1.0000	0.000	Invariable
	1	359	0.000	0.000	0.000	0.000	1.0000	0.000	Invariable
	1	360	0.000	0.000	0.000	0.000	1.0000	0.000	Invariable
	1	361	0.000	0.000	0.000	0.000	1.0000	0.000	Invariable
	1	362	0.000	0.000	0.000	0.000	1.0000	0.000	Invariable
	1	363	4.843	0.000	0.726	3.759	0.0525	0.307	Neutral
	1	364	0.000	0.000	0.000	0.000	1.0000	0.000	Invariable
	1	365	0.000	0.000	0.000	0.000	1.0000	0.000	Invariable
	1	366	0.000	0.000	0.000	0.000	1.0000	0.000	Invariable
	1	367	0.000	0.989	0.928	0.136	0.7128	0.392	Neutral
	1	368	0.000	0.000	0.000	0.000	1.0000	0.000	Invariable
	1	369	0.000	0.000	0.000	0.000	1.0000	0.000	Invariable
	1	370	6.708	1.369	2.265	1.106	0.2929	0.957	Neutral
	1	371	0.000	0.000	0.000	0.000	1.0000	0.000	Invariable
	1	372	0.000	0.000	0.000	0.000	1.0000	0.000	Invariable
	1	373	0.000	0.000	0.000	0.000	1.0000	0.000	Invariable
	1	374	0.000	0.000	0.000	0.000	1.0000	0.000	Invariable
	1	375	0.000	1.982	1.857	0.255	0.6139	0.785	Neutral
	1	376	0.000	0.000	0.000	0.000	1.0000	0.000	Invariable
	1	377	0.000	0.000	0.000	0.000	1.0000	0.000	Invariable
	1	378	0.000	0.000	0.000	0.000	1.0000	0.000	Invariable
	1	379	0.000	0.000	0.000	0.000	1.0000	0.000	Invariable
	1	380	0.000	0.000	0.000	0.000	1.0000	0.000	Invariable
	1	381	0.000	0.000	0.000	0.000	1.0000	0.000	Invariable
	1	382	0.000	0.000	0.000	0.000	1.0000	0.000	Invariable
	1	383	19.588	0.000	3.330	10.124	0.0015	1.407	Purifying
	1	384	0.000	0.000	0.000	0.000	1.0000	0.000	Invariable
	1	385	0.000	0.000	0.000	0.000	1.0000	0.000	Invariable
	1	386	0.000	1.384	1.175	0.342	0.5587	0.496	Neutral
	1	387	0.000	0.000	0.000	0.000	1.0000	0.000	Invariable
	1	388	0.000	0.000	0.000	0.000	1.0000	0.000	Invariable
	1	389	1.455	0.944	1.143	0.094	0.7594	0.483	Neutral
	1	390	0.000	1.871	1.557	0.722	0.3955	0.658	Neutral
	1	391	0.000	0.000	0.000	0.000	1.0000	0.000	Invariable
	1	392	0.007	0.858	0.729	0.334	0.5633	0.308	Neutral
	1	393	0.000	0.000	0.000	0.000	1.0000	0.000	Invariable
	1	394	0.000	0.000	0.000	0.000	1.0000	0.000	Invariable
	1	395	6.071	0.000	0.676	4.356	0.0369	0.286	Purifying
	1	396	0.000	0.000	0.000	0.000	1.0000	0.000	Invariable
	1	397	0.000	0.000	0.000	0.000	1.0000	0.000	Invariable
	1	398	0.000	0.000	0.000	0.000	1.0000	0.000	Invariable
	1	399	0.000	0.000	0.000	0.000	1.0000	0.000	Invariable
	1	400	0.000	0.000	0.000	0.000	1.0000	0.000	Invariable
	1	401	0.000	0.000	0.000	0.000	1.0000	0.000	Invariable
	1	402	0.000	0.000	0.000	0.000	1.0000	0.000	Invariable
	1	403	0.000	0.000	0.000	0.000	1.0000	0.000	Invariable
	1	404	0.000	0.000	0.000	0.000	1.0000	0.000	Invariable
	1	405	0.000	0.000	0.000	0.000	1.0000	0.000	Invariable
	1	406	0.000	0.000	0.000	0.000	1.0000	0.000	Invariable
	1	407	0.000	0.000	0.000	0.000	1.0000	0.000	Invariable
	1	408	0.000	0.000	0.000	0.000	1.0000	0.000	Invariable
	1	409	0.000	0.000	0.000	0.000	1.0000	0.000	Invariable
	1	410	0.000	0.000	0.000	0.000	1.0000	0.000	Invariable
	1	411	0.000	0.000	0.000	0.000	1.0000	0.000	Invariable
	1	412	8.705	0.000	1.423	7.129	0.0076	0.601	Purifying
	1	413	33.003	0.000	1.819	10.959	0.0009	0.768	Purifying
	1	414	0.729	1.365	1.366	0.000	0.9846	0.577	Neutral
	1	415	0.000	0.000	0.000	0.000	1.0000	0.000	Invariable
	1	416	0.000	0.000	0.000	0.000	1.0000	0.000	Invariable
	1	417	0.000	0.000	0.000	0.000	1.0000	0.000	Invariable
	1	418	0.000	0.000	0.000	0.000	1.0000	0.000	Invariable
	1	419	0.000	0.000	0.000	0.000	1.0000	0.000	Invariable
	1	420	0.000	0.000	0.000	0.000	1.0000	0.000	Invariable
	1	421	0.000	0.000	0.000	0.000	1.0000	0.000	Invariable
	1	422	0.000	0.000	0.000	0.000	1.0000	0.000	Invariable
	1	423	0.000	0.000	0.000	0.000	1.0000	0.000	Invariable
	1	424	0.000	0.000	0.000	0.000	1.0000	0.000	Invariable
	1	425	4.742	0.000	0.774	3.596	0.0579	0.327	Neutral
	1	426	0.008	8.063	7.487	1.080	0.2986	3.164	Neutral
	1	427	0.000	0.000	0.000	0.000	1.0000	0.000	Invariable
	1	428	0.000	0.000	0.000	0.000	1.0000	0.000	Invariable
	1	429	0.000	0.000	0.000	0.000	1.0000	0.000	Invariable
	1	430	2.546	0.000	1.331	2.571	0.1088	0.562	Neutral
	1	431	0.000	0.000	0.000	0.000	1.0000	0.000	Invariable
	1	432	0.000	0.000	0.000	0.000	1.0000	0.000	Invariable
	1	433	0.000	0.000	0.000	0.000	1.0000	0.000	Invariable
	1	434	0.000	0.000	0.000	0.000	1.0000	0.000	Invariable
	1	435	0.000	0.000	0.000	0.000	1.0000	0.000	Invariable
	1	436	0.000	0.000	0.000	0.000	1.0000	0.000	Invariable
	1	437	0.000	0.000	0.000	0.000	1.0000	0.000	Invariable
	1	438	0.000	0.000	0.000	0.000	1.0000	0.000	Invariable
	1	439	0.000	0.000	0.000	0.000	1.0000	0.000	Invariable
	1	440	0.009	2.929	2.436	1.083	0.2981	1.029	Neutral
	1	441	4.940	0.000	0.748	3.715	0.0539	0.316	Neutral
	1	442	0.000	0.000	0.000	0.000	1.0000	0.000	Invariable
	1	443	0.000	0.000	0.000	0.000	1.0000	0.000	Invariable
	1	444	0.000	0.000	0.000	0.000	1.0000	0.000	Invariable
	1	445	6.150	0.000	0.850	3.930	0.0474	0.359	Purifying
	1	446	0.000	0.000	0.000	0.000	1.0000	0.000	Invariable
	1	447	0.000	0.000	0.000	0.000	1.0000	0.000	Invariable
	1	448	0.000	0.000	0.000	0.000	1.0000	0.000	Invariable
	1	449	0.000	0.000	0.000	0.000	1.0000	0.000	Invariable
	1	450	0.000	0.000	0.000	0.000	1.0000	0.000	Invariable
	1	451	0.000	0.000	0.000	0.000	1.0000	0.000	Invariable
	1	452	0.000	0.000	0.000	0.000	1.0000	0.000	Invariable
	1	453	0.000	0.000	0.000	0.000	1.0000	0.000	Invariable
	1	454	0.000	0.000	0.000	0.000	1.0000	0.000	Invariable
	1	455	0.000	0.000	0.000	0.000	1.0000	0.000	Invariable
	1	456	0.000	0.000	0.000	0.000	1.0000	0.000	Invariable
	1	457	0.000	0.000	0.000	0.000	1.0000	0.000	Invariable
	1	458	0.000	0.000	0.000	0.000	1.0000	0.000	Invariable
	1	459	0.000	0.000	0.000	0.000	1.0000	0.000	Invariable
	1	460	5.124	0.000	0.817	3.635	0.0566	0.345	Neutral
	1	461	0.000	0.000	0.000	0.000	1.0000	0.000	Invariable
	1	462	0.000	0.000	0.000	0.000	1.0000	0.000	Invariable
	1	463	0.000	0.000	0.000	0.000	1.0000	0.000	Invariable
	1	464	0.000	0.000	0.000	0.000	1.0000	0.000	Invariable
	1	465	0.000	0.000	0.000	0.000	1.0000	0.000	Invariable
	1	466	0.000	0.000	0.000	0.000	1.0000	0.000	Invariable
	1	467	0.000	0.000	0.000	0.000	1.0000	0.000	Invariable
	1	468	0.000	0.000	0.000	0.000	1.0000	0.000	Invariable
	1	469	0.000	0.000	0.000	0.000	1.0000	0.000	Invariable
	1	470	0.000	0.000	0.000	0.000	1.0000	0.000	Invariable
	1	471	0.000	0.000	0.000	0.000	1.0000	0.000	Invariable
	1	472	0.000	0.000	0.000	0.000	1.0000	0.000	Invariable
	1	473	0.000	0.000	0.000	0.000	1.0000	0.000	Invariable
	1	474	0.000	0.000	0.000	0.000	1.0000	0.000	Invariable
	1	475	0.000	0.000	0.000	0.000	1.0000	0.000	Invariable
	1	476	0.000	0.000	0.000	0.000	1.0000	0.000	Invariable
	1	477	0.000	0.000	0.000	0.000	1.0000	0.000	Invariable
	1	478	0.000	0.000	0.000	0.000	1.0000	0.000	Invariable
	1	479	0.000	0.000	0.000	0.000	1.0000	0.000	Invariable
	1	480	0.000	0.000	0.000	0.000	1.0000	0.000	Invariable
	1	481	0.000	0.000	0.000	0.000	1.0000	0.000	Invariable
	1	482	0.000	0.000	0.000	0.000	1.0000	0.000	Invariable
	1	483	0.000	0.000	0.000	0.000	1.0000	0.000	Invariable
	1	484	0.000	0.000	0.000	0.000	1.0000	0.000	Invariable
	1	485	0.000	0.000	0.000	0.000	1.0000	0.000	Invariable
	1	486	0.000	0.000	0.000	0.000	1.0000	0.000	Invariable
	1	487	0.000	0.000	0.000	0.000	1.0000	0.000	Invariable
	1	488	0.000	0.000	0.000	0.000	1.0000	0.000	Invariable
	1	489	0.000	0.000	0.000	0.000	1.0000	0.000	Invariable
	1	490	0.000	0.000	0.000	0.000	1.0000	0.000	Invariable
	1	491	0.000	0.000	0.000	0.000	1.0000	0.000	Invariable
	1	492	0.000	0.000	0.000	0.000	1.0000	0.000	Invariable
	1	493	0.000	0.000	0.000	0.000	1.0000	0.000	Invariable
	1	494	18.274	0.000	0.926	5.674	0.0172	0.391	Purifying
	1	495	6.342	0.000	0.718	4.316	0.0377	0.304	Purifying
	1	496	0.000	0.000	0.000	0.000	1.0000	0.000	Invariable
	1	497	0.000	0.000	0.000	0.000	1.0000	0.000	Invariable
	1	498	0.000	0.000	0.000	0.000	1.0000	0.000	Invariable
	1	499	0.000	0.000	0.000	0.000	1.0000	0.000	Invariable
	1	500	0.000	0.000	0.000	0.000	1.0000	0.000	Invariable
	1	501	0.000	0.000	0.000	0.000	1.0000	0.000	Invariable
	1	502	0.000	0.000	0.000	0.000	1.0000	0.000	Invariable
	1	503	1.660	0.000	0.586	2.082	0.1491	0.247	Neutral
	1	504	6.571	0.000	0.721	4.371	0.0366	0.304	Purifying
	1	505	0.000	0.000	0.000	0.000	1.0000	0.000	Invariable
	1	506	0.000	0.000	0.000	0.000	1.0000	0.000	Invariable
	1	507	8.523	0.000	1.603	6.606	0.0102	0.677	Purifying
	1	508	0.000	0.000	0.000	0.000	1.0000	0.000	Invariable
	1	509	0.000	0.000	0.000	0.000	1.0000	0.000	Invariable
	1	510	0.000	0.000	0.000	0.000	1.0000	0.000	Invariable
	1	511	0.000	0.000	0.000	0.000	1.0000	0.000	Invariable
	1	512	0.000	0.000	0.000	0.000	1.0000	0.000	Invariable
	1	513	0.000	0.000	0.000	0.000	1.0000	0.000	Invariable
	1	514	0.000	0.000	0.000	0.000	1.0000	0.000	Invariable
	1	515	0.000	0.000	0.000	0.000	1.0000	0.000	Invariable
	1	516	0.000	0.000	0.000	0.000	1.0000	0.000	Invariable
	1	517	0.000	0.000	0.000	0.000	1.0000	0.000	Invariable
	1	518	0.000	0.000	0.000	0.000	1.0000	0.000	Invariable
	1	519	0.000	0.000	0.000	0.000	1.0000	0.000	Invariable
	1	520	0.000	0.000	0.000	0.000	1.0000	0.000	Invariable
	1	521	0.000	0.000	0.000	0.000	1.0000	0.000	Invariable
	1	522	5.115	0.000	0.817	3.627	0.0569	0.345	Neutral
	1	523	0.000	0.000	0.000	0.000	1.0000	0.000	Invariable
	1	524	3.335	0.000	1.547	3.093	0.0786	0.654	Neutral
	1	525	0.000	0.000	0.000	0.000	1.0000	0.000	Invariable
	1	526	0.000	0.000	0.000	0.000	1.0000	0.000	Invariable
	1	527	0.000	0.000	0.000	0.000	1.0000	0.000	Invariable
	1	528	0.000	0.000	0.000	0.000	1.0000	0.000	Invariable
	1	529	0.000	0.000	0.000	0.000	1.0000	0.000	Invariable
	1	530	0.000	0.000	0.000	0.000	1.0000	0.000	Invariable
	1	531	0.000	0.000	0.000	0.000	1.0000	0.000	Invariable
	1	532	0.000	0.000	0.000	0.000	1.0000	0.000	Invariable
	1	533	0.000	0.000	0.000	0.000	1.0000	0.000	Invariable
	1	534	5.124	0.000	0.818	3.639	0.0564	0.346	Neutral
	1	535	0.000	0.000	0.000	0.000	1.0000	0.000	Invariable
	1	536	0.000	0.000	0.000	0.000	1.0000	0.000	Invariable
	1	537	0.000	0.000	0.000	0.000	1.0000	0.000	Invariable
	1	538	0.000	0.000	0.000	0.000	1.0000	0.000	Invariable
	1	539	0.000	0.000	0.000	0.000	1.0000	0.000	Invariable
	1	540	0.000	0.000	0.000	0.000	1.0000	0.000	Invariable
	1	541	1.472	0.000	0.561	1.934	0.1643	0.237	Neutral
	1	542	0.000	0.000	0.000	0.000	1.0000	0.000	Invariable
	1	543	0.000	0.000	0.000	0.000	1.0000	0.000	Invariable
	1	544	0.000	0.000	0.000	0.000	1.0000	0.000	Invariable
	1	545	0.000	0.000	0.000	0.000	1.0000	0.000	Invariable
	1	546	0.000	0.000	0.000	0.000	1.0000	0.000	Invariable
	1	547	0.000	0.000	0.000	0.000	1.0000	0.000	Invariable
	1	548	9.344	0.000	0.941	4.592	0.0321	0.398	Purifying
	1	549	0.000	0.000	0.000	0.000	1.0000	0.000	Invariable
	1	550	0.000	0.000	0.000	0.000	1.0000	0.000	Invariable
	1	551	0.000	0.000	0.000	0.000	1.0000	0.000	Invariable
	1	552	0.000	0.000	0.000	0.000	1.0000	0.000	Invariable
	1	553	11.565	0.000	3.070	10.588	0.0011	1.297	Purifying
	1	554	0.000	0.000	0.000	0.000	1.0000	0.000	Invariable
	1	555	0.005	0.986	0.824	0.357	0.5502	0.348	Neutral
	1	556	0.000	0.000	0.000	0.000	1.0000	0.000	Invariable
	1	557	0.000	0.000	0.000	0.000	1.0000	0.000	Invariable
	1	558	0.000	0.000	0.000	0.000	1.0000	0.000	Invariable
	1	559	0.000	0.000	0.000	0.000	1.0000	0.000	Invariable
	1	560	0.000	0.000	0.000	0.000	1.0000	0.000	Invariable
	1	561	0.000	0.000	0.000	0.000	1.0000	0.000	Invariable
	1	562	0.000	2.005	1.677	0.750	0.3863	0.708	Neutral
	1	563	0.000	0.000	0.000	0.000	1.0000	0.000	Invariable
	1	564	0.000	0.969	0.913	0.118	0.7315	0.386	Neutral
	1	565	0.000	0.000	0.000	0.000	1.0000	0.000	Invariable
	1	566	0.000	0.000	0.000	0.000	1.0000	0.000	Invariable
	1	567	0.000	0.000	0.000	0.000	1.0000	0.000	Invariable
	1	568	0.000	0.944	0.827	0.258	0.6115	0.349	Neutral
	1	569	0.000	0.000	0.000	0.000	1.0000	0.000	Invariable
	1	570	9.014	0.000	1.121	4.071	0.0436	0.474	Purifying
	1	571	0.000	0.000	0.000	0.000	1.0000	0.000	Invariable
	1	572	11.178	0.000	1.736	7.285	0.0070	0.733	Purifying
	1	573	0.000	1.551	1.418	0.185	0.6670	0.599	Neutral
	1	574	8.947	0.000	1.053	4.216	0.0400	0.445	Purifying
	1	575	0.000	0.000	0.000	0.000	1.0000	0.000	Invariable
	1	576	0.000	0.000	0.000	0.000	1.0000	0.000	Invariable
	1	577	0.000	0.000	0.000	0.000	1.0000	0.000	Invariable
	1	578	0.000	0.000	0.000	0.000	1.0000	0.000	Invariable
	1	579	0.000	0.000	0.000	0.000	1.0000	0.000	Invariable
	1	580	0.000	0.000	0.000	0.000	1.0000	0.000	Invariable
	1	581	0.000	0.000	0.000	0.000	1.0000	0.000	Invariable
	1	582	0.000	0.000	0.000	0.000	1.0000	0.000	Invariable
	1	583	0.000	0.000	0.000	0.000	1.0000	0.000	Invariable
	1	584	88.492	0.000	6.811	20.661	0.0000	2.878	Purifying
